#Bola branca, 7 actions - random iluminacao e campo, voltando para o gol - com 9 campos, 500 mil de memoria, fisheye random, input 84x84, exponencial e-greedy
1 42 -19.1457142857 -38.48 -1.72 10000 8 25 17 987851
2 33 -25.1433333333 -38.04 -0.89 20000 3 14 19 975866
3 37 -21.5913513514 -39.05 -0.21 30000 8 19 18 964042
4 30 -26.89 -37.14 -1.85 40000 2 9 21 952378
5 30 -27.3236666667 -38.64 -0.37 50000 2 8 22 940871
6 38 -22.0678947368 -37.9 -0.54 60000 6 17 21 929520
7 33 -25.1721212121 -38.6 -0.93 70000 4 13 20 918322
8 39 -22.3033333333 -37.98 0.04 80000 4 19 20 907275
9 40 -19.89125 -38.13 -1.01 90000 8 23 15 896377
10 45 -18.6991111111 -38.24 -0.83 100000 8 23 22 885626
11 39 -21.3797435897 -38.7 -0.42 110000 8 18 21 875021
12 33 -25.9181818182 -38.48 -0.15 120000 4 11 22 864559
13 37 -21.4291891892 -37.9 -0.81 130000 9 20 17 854237
14 38 -21.4178947368 -37.97 -0.67 140000 5 19 19 844056
15 48 -16.8102083333 -37.89 0.14 150000 11 30 18 834011
16 48 -17.903125 -37.49 -0.42 160000 9 27 19 824102
17 43 -18.6281395349 -37.76 -0.66 170000 2 25 18 814327
18 43 -20.0409302326 -38.61 -0.42 180000 6 23 19 804684
19 58 -13.3115517241 -36.35 -0.42 190000 17 39 17 795172
20 50 -15.4082 -37.9 0.26 200000 13 36 14 785787
21 45 -17.9242222222 -36.97 0.55 210000 4 29 16 776529
22 49 -15.8979591837 -37.58 0.56 220000 14 29 19 767397
23 45 -17.6266666667 -37.27 0.33 230000 11 26 18 758387
24 50 -15.5548 -38.44 0.36 240000 17 31 19 749499
25 57 -13.279122807 -37.79 0.64 250000 16 42 14 740731
26 66 -11.4116666667 -37.95 0.21 260000 20 50 16 732082
27 60 -13.0013333333 -37.4 0.49 270000 19 44 15 723549
28 52 -14.9384615385 -37.52 0.67 280000 15 32 20 715131
29 60 -12.4925 -37.52 0.78 290000 19 43 17 706827
30 66 -12.1272727273 -37.83 0.68 300000 21 49 17 698636
31 66 -11.1171212121 -38.07 0.79 310000 25 52 14 690554
32 64 -11.88078125 -38.01 0.63 320000 24 47 17 682582
33 69 -11.3589855072 -37.59 0.83 330000 21 54 15 674718
34 71 -10.0923943662 -38.15 0.65 340000 30 58 13 666959
35 69 -10.304057971 -38.34 0.75 350000 26 53 16 659306
36 75 -9.8344 -36.07 0.88 360000 23 58 16 651755
37 57 -13.4763157895 -38.3 0.11 370000 17 40 17 644307
38 62 -12.5833870968 -37.66 0.75 380000 11 46 16 636959
39 85 -8.73917647059 -38.83 0.76 390000 37 69 14 629710
40 81 -9.20222222222 -38.98 0.8 400000 29 67 13 622559
41 74 -9.41 -36.25 0.75 410000 32 63 11 615505
42 73 -10.5771232877 -38.7 0.81 420000 23 59 14 608546
43 76 -10.0981578947 -37.32 0.45 430000 31 64 11 601681
44 74 -10.4748648649 -38.86 0.68 440000 23 59 15 594909
45 95 -7.66557894737 -38.48 0.75 450000 33 87 7 588228
46 73 -10.1942465753 -38.88 0.76 460000 27 58 15 581637
47 90 -8.00388888889 -36.43 0.59 470000 29 74 15 575135
48 105 -7.30457142857 -37.98 0.64 480000 41 92 13 568721
49 111 -6.18981981982 -36.79 0.88 490000 46 100 9 562393
50 100 -7.2778 -37.67 0.88 500000 43 88 11 556151
51 93 -7.90967741935 -37.42 0.88 510000 43 81 12 549994
52 84 -9.06595238095 -38.66 0.46 520000 29 70 14 543919
53 107 -6.51336448598 -36.72 0.88 530000 50 93 14 537926
54 106 -6.69509433962 -35.66 0.83 540000 43 93 13 532014
55 142 -4.57274647887 -37.15 0.82 550000 63 135 7 526182
56 77 -9.93831168831 -38.27 0.67 560000 33 62 15 520429
57 116 -5.98310344828 -36.06 0.88 570000 50 104 11 514754
58 116 -5.82137931034 -37.71 0.76 580000 57 109 7 509155
59 129 -5.33953488372 -35.72 0.82 590000 58 121 8 503631
60 124 -5.28362903226 -37.38 0.82 600000 61 115 9 498182
61 86 -8.68034883721 -38.35 0.88 610000 33 72 14 492807
62 111 -6.27333333333 -37.39 0.83 620000 55 98 12 487505
63 111 -6.24828828829 -38.95 0.91 630000 44 101 10 482273
64 140 -4.784 -38.73 0.85 640000 73 131 9 477112
65 143 -4.50608391608 -37.57 0.88 650000 69 133 7 472022
66 151 -4.22781456954 -38.0 0.85 660000 73 147 4 467000
67 163 -3.76717791411 -37.55 0.88 670000 81 158 4 462045
68 205 -2.71609756098 -34.47 0.82 680000 101 203 2 457158
69 153 -4.11385620915 -37.4 0.79 690000 85 144 5 452337
70 177 -3.44350282486 -37.61 0.85 700000 83 172 3 447580
71 178 -3.33893258427 -35.83 0.85 710000 99 172 5 442888
72 162 -3.72660493827 -32.8 0.78 720000 81 159 3 438259
73 172 -3.52593023256 -37.04 0.88 730000 96 164 8 433693
74 179 -3.39206703911 -36.36 0.88 740000 91 172 6 429188
75 193 -3.06533678756 -37.64 0.75 750000 109 186 4 424745
76 244 -2.19307377049 -35.9 0.85 760000 125 241 3 420361
77 231 -2.37194805195 -35.83 0.85 770000 121 227 3 416036
78 226 -2.41415929204 -34.49 0.91 780000 118 223 2 411770
79 271 -1.8167896679 -36.76 0.91 790000 158 270 1 407561
80 236 -2.28275423729 -37.51 0.91 800000 121 229 4 403409
81 240 -2.23870833333 -37.51 0.88 810000 132 236 4 399313
82 200 -2.9249 -38.14 0.85 820000 103 196 3 395273
83 224 -2.47089285714 -37.0 0.82 830000 100 217 2 391287
84 249 -2.03449799197 -36.81 0.91 840000 134 243 1 387354
85 245 -2.25804081633 -33.69 0.88 850000 121 241 1 383475
86 280 -1.68457142857 -38.35 0.85 860000 158 278 1 379648
87 251 -1.88860557769 -31.79 0.85 870000 143 247 1 375873
88 262 -2.02641221374 -37.94 0.85 880000 132 260 1 372149
89 251 -2.02390438247 -19.23 0.88 890000 123 249 0 368475
90 261 -1.84582375479 -14.57 0.85 900000 147 260 0 364851
91 245 -2.08514285714 -37.65 0.85 910000 145 242 2 361276
92 245 -2.00628571429 -21.02 0.8 920000 136 243 0 357749
93 248 -2.15213709677 -37.49 0.85 930000 133 240 3 354269
94 236 -2.19961864407 -31.6 0.88 940000 126 231 2 350837
95 276 -1.7493115942 -25.32 0.88 950000 155 273 0 347450
96 269 -1.75799256506 -13.37 0.91 960000 170 266 0 344110
97 273 -1.77798534799 -15.97 0.88 970000 149 271 0 340815
98 296 -1.58638513514 -18.77 0.85 980000 167 295 0 337564
99 268 -1.83182835821 -15.5 0.88 990000 143 265 0 334357
100 262 -1.87038167939 -21.75 0.88 1000000 148 259 0 331193
101 271 -1.76132841328 -10.73 0.82 1010000 150 267 0 328072
102 246 -2.05020325203 -34.87 0.8 1020000 141 243 1 324993
103 283 -1.60985865724 -29.17 0.88 1030000 163 281 1 321956
104 251 -1.98398406375 -36.81 0.88 1040000 141 248 1 318960
105 281 -1.73266903915 -11.29 0.85 1050000 154 277 0 316004
106 256 -1.921171875 -16.48 0.77 1060000 135 254 0 313088
107 266 -1.94026315789 -37.94 0.82 1070000 151 261 3 310211
108 259 -1.96386100386 -36.89 0.85 1080000 149 257 2 307374
109 297 -1.50346801347 -30.43 0.88 1090000 172 295 1 304574
110 291 -1.49738831615 -21.95 0.85 1100000 177 291 0 301812
111 279 -1.68752688172 -37.94 0.82 1110000 165 278 1 299088
112 293 -1.6133447099 -17.52 0.85 1120000 154 292 0 296400
113 349 -1.18922636103 -11.85 0.88 1130000 189 346 0 293749
114 364 -1.02532967033 -9.6 0.88 1140000 216 363 0 291134
115 344 -1.13299418605 -16.53 0.88 1150000 215 343 0 288553
116 310 -1.4935483871 -34.55 0.88 1160000 163 307 1 286008
117 324 -1.32157407407 -24.06 0.91 1170000 181 321 0 283497
118 310 -1.429 -19.21 0.88 1180000 160 308 0 281020
119 305 -1.39101639344 -27.98 0.88 1190000 176 303 0 278576
120 344 -1.25238372093 -35.34 0.88 1200000 193 337 1 276166
121 315 -1.37453968254 -33.51 0.88 1210000 187 309 1 273787
122 320 -1.36234375 -31.71 0.88 1220000 184 315 1 271441
123 308 -1.52399350649 -36.13 0.88 1230000 150 306 1 269127
124 361 -1.03130193906 -11.83 0.88 1240000 208 361 0 266844
125 335 -1.19985074627 -38.66 0.88 1250000 198 331 1 264592
126 273 -1.82223443223 -31.97 0.85 1260000 135 269 1 262370
127 315 -1.33184126984 -36.68 0.88 1270000 190 312 1 260178
128 328 -1.27850609756 -8.75 0.88 1280000 184 327 0 258015
129 314 -1.37573248408 -13.78 0.88 1290000 179 311 0 255882
130 355 -1.07309859155 -32.59 0.91 1300000 212 351 1 253778
131 323 -1.24557275542 -36.88 0.91 1310000 204 320 1 251702
132 341 -1.16592375367 -10.35 0.88 1320000 211 337 0 249654
133 350 -1.11648571429 -11.14 0.88 1330000 199 345 0 247634
134 341 -1.10131964809 -18.71 0.88 1340000 215 340 0 245641
135 322 -1.33177018634 -37.29 0.88 1350000 177 321 1 243675
136 329 -1.26480243161 -31.26 0.91 1360000 182 326 1 241735
137 356 -1.05370786517 -11.62 0.88 1370000 213 354 0 239822
138 325 -1.26763076923 -15.45 0.91 1380000 191 323 0 237934
139 342 -1.16687134503 -9.34 0.88 1390000 188 339 0 236072
140 312 -1.46387820513 -37.98 0.88 1400000 177 311 1 234235
141 368 -0.921467391304 -9.66 0.91 1410000 237 367 0 232423
142 333 -1.23093093093 -10.77 0.88 1420000 184 333 0 230636
143 354 -1.04144067797 -21.43 0.88 1430000 213 354 0 228872
144 365 -0.95895890411 -14.78 0.88 1440000 235 364 0 227132
145 367 -0.941961852861 -30.33 0.88 1450000 233 364 1 225416
146 327 -1.17363914373 -34.99 0.88 1460000 217 325 1 223723
147 384 -0.882239583333 -9.46 0.88 1470000 239 382 0 222053
148 401 -0.781770573566 -8.35 0.91 1480000 263 400 0 220405
149 360 -0.99525 -34.94 0.88 1490000 223 355 2 218780
150 357 -1.03871148459 -35.59 0.88 1500000 230 355 1 217176
151 388 -0.880128865979 -12.71 0.91 1510000 239 387 0 215595
152 360 -0.971777777778 -37.6 0.88 1520000 240 358 1 214034
153 367 -0.91446866485 -32.67 0.88 1530000 247 365 1 212495
154 401 -0.775960099751 -21.98 0.88 1540000 258 400 0 210976
155 391 -0.885652173913 -21.25 0.91 1550000 229 388 0 209478
156 345 -1.15437681159 -37.07 0.88 1560000 211 342 2 208000
157 365 -0.964767123288 -18.17 0.91 1570000 237 363 0 206542
158 394 -0.779263959391 -11.66 0.88 1580000 260 393 0 205104
159 397 -0.809521410579 -10.91 0.88 1590000 246 394 0 203685
160 362 -0.985524861878 -37.34 0.88 1600000 240 359 2 202285
161 381 -0.966194225722 -38.04 0.91 1610000 227 377 1 200904
162 351 -1.0843019943 -37.77 0.88 1620000 213 350 1 199542
163 339 -1.10746312684 -37.26 0.85 1630000 223 335 1 198199
164 365 -1.03942465753 -35.85 0.82 1640000 220 363 1 196873
165 391 -0.789872122762 -30.25 0.88 1650000 261 388 0 195565
166 416 -0.766298076923 -10.32 0.88 1660000 241 414 0 194275
167 410 -0.66256097561 -9.43 0.88 1670000 287 409 0 193002
168 393 -0.803002544529 -13.27 0.88 1680000 250 393 0 191747
169 378 -0.829788359788 -9.58 0.85 1690000 254 378 0 190508
170 393 -0.789465648855 -23.44 0.88 1700000 259 391 0 189287
171 386 -0.825984455959 -16.66 0.88 1710000 251 385 0 188081
172 393 -0.857455470738 -33.13 0.88 1720000 247 388 1 186892
173 366 -0.963743169399 -17.22 0.88 1730000 221 364 0 185719
174 341 -1.07434017595 -38.41 0.88 1740000 231 338 1 184562
175 352 -0.965255681818 -31.95 0.88 1750000 240 350 1 183420
176 358 -0.952793296089 -17.43 0.88 1760000 247 355 0 182294
177 379 -0.914934036939 -14.62 0.88 1770000 229 375 0 181183
178 392 -0.726632653061 -34.66 0.88 1780000 281 390 1 180087
179 358 -0.99405027933 -30.66 0.88 1790000 228 356 1 179006
180 380 -0.776842105263 -31.2 0.91 1800000 274 377 1 177940
181 405 -0.823703703704 -13.06 0.85 1810000 242 404 0 176888
182 392 -0.752474489796 -35.79 0.91 1820000 275 390 1 175850
183 419 -0.721575178998 -16.95 0.91 1830000 267 419 0 174826
184 361 -1.01185595568 -39.09 0.88 1840000 243 355 4 173816
185 374 -0.869438502674 -33.96 0.88 1850000 251 371 1 172819
186 405 -0.66812345679 -9.74 0.88 1860000 285 404 0 171836
187 385 -0.787818181818 -17.98 0.88 1870000 268 383 0 170866
188 422 -0.614454976303 -7.28 0.88 1880000 289 420 0 169910
189 432 -0.586828703704 -9.72 0.88 1890000 285 432 0 168966
190 380 -0.902684210526 -37.78 0.88 1900000 247 377 3 168035
191 422 -0.675924170616 -11.03 0.88 1910000 271 420 0 167116
192 394 -0.721878172589 -34.12 0.88 1920000 275 393 1 166210
193 425 -0.645552941176 -36.34 0.88 1930000 294 422 1 165317
194 370 -0.858648648649 -34.19 0.91 1940000 257 366 2 164435
195 378 -0.78373015873 -20.53 0.88 1950000 263 376 0 163565
196 448 -0.517611607143 -4.43 0.88 1960000 311 447 0 162707
197 461 -0.425097613883 -12.45 0.88 1970000 344 460 0 161860
198 388 -0.741391752577 -37.97 0.88 1980000 289 386 2 161025
199 439 -0.518041002278 -31.82 0.91 1990000 324 437 1 160202
200 440 -0.497909090909 -27.58 0.88 2000000 321 440 0 159389
201 460 -0.469304347826 -9.39 0.91 2010000 326 458 0 158587
202 450 -0.535711111111 -37.61 0.88 2020000 305 448 1 157796
203 402 -0.680746268657 -17.86 0.88 2030000 290 402 0 157016
204 425 -0.583341176471 -9.01 0.91 2040000 297 425 0 156246
205 398 -0.689974874372 -24.24 0.85 2050000 286 396 0 155487
206 426 -0.561267605634 -14.21 0.88 2060000 304 423 0 154738
207 423 -0.488439716312 -9.19 0.88 2070000 312 422 0 153999
208 438 -0.54401826484 -28.19 0.88 2080000 320 436 1 153270
209 455 -0.452967032967 -6.69 0.88 2090000 331 454 0 152551
210 401 -0.690598503741 -38.08 0.88 2100000 285 400 1 151841
211 406 -0.67657635468 -18.79 0.85 2110000 289 405 0 151142
212 437 -0.517070938215 -10.1 0.88 2120000 315 435 0 150451
213 444 -0.484707207207 -13.82 0.88 2130000 320 443 0 149770
214 418 -0.646602870813 -16.17 0.88 2140000 284 417 0 149098
215 433 -0.617344110855 -6.34 0.88 2150000 280 432 0 148435
216 469 -0.407292110874 -9.05 0.91 2160000 340 469 0 147782
217 440 -0.444068181818 -16.96 0.88 2170000 343 440 0 147137
218 418 -0.656937799043 -35.42 0.88 2180000 292 412 2 146500
219 419 -0.644844868735 -36.65 0.88 2190000 282 417 2 145873
220 413 -0.619927360775 -35.59 0.88 2200000 308 411 1 145253
221 458 -0.470109170306 -8.08 0.88 2210000 319 457 0 144642
222 484 -0.325351239669 -7.59 0.88 2220000 365 483 0 144040
223 476 -0.422857142857 -31.64 0.91 2230000 332 475 1 143445
224 458 -0.40692139738 -12.36 0.88 2240000 347 458 0 142859
225 430 -0.558744186047 -31.64 0.88 2250000 312 429 1 142280
226 475 -0.376778947368 -34.97 0.88 2260000 355 474 1 141709
227 451 -0.43711751663 -7.56 0.88 2270000 337 451 0 141146
228 477 -0.399811320755 -11.26 0.88 2280000 344 475 0 140591
229 421 -0.570902612827 -6.67 0.88 2290000 309 421 0 140043
230 424 -0.557688679245 -8.86 0.88 2300000 311 424 0 139502
231 431 -0.503549883991 -10.07 0.88 2310000 318 430 0 138969
232 426 -0.561009389671 -12.12 0.91 2320000 312 424 0 138443
233 437 -0.513821510297 -13.22 0.88 2330000 320 437 0 137924
234 441 -0.491405895692 -6.05 0.88 2340000 322 441 0 137412
235 421 -0.551638954869 -11.07 0.91 2350000 315 422 0 136907
236 437 -0.52700228833 -5.25 0.88 2360000 306 437 0 136409
237 413 -0.586537530266 -37.73 0.85 2370000 311 412 1 135917
238 448 -0.439352678571 -5.38 0.88 2380000 342 447 0 135432
239 416 -0.593100961538 -13.1 0.88 2390000 301 416 0 134954
240 457 -0.452297592998 -38.04 0.88 2400000 339 454 1 134482
241 465 -0.405139784946 -9.18 0.88 2410000 344 464 0 134017
242 458 -0.430043668122 -7.46 0.88 2420000 329 458 0 133557
243 470 -0.36870212766 -10.16 0.88 2430000 346 469 0 133104
244 470 -0.408063829787 -6.92 0.88 2440000 334 468 0 132658
245 463 -0.442462203024 -8.52 0.91 2450000 333 462 0 132217
246 403 -0.708858560794 -37.72 0.88 2460000 293 400 2 131782
247 443 -0.454221218962 -37.36 0.88 2470000 346 441 1 131353
248 436 -0.534678899083 -35.84 0.88 2480000 309 434 1 130930
249 429 -0.561655011655 -35.35 0.88 2490000 309 428 1 130512
250 422 -0.552796208531 -15.78 0.91 2500000 311 423 0 130100
251 439 -0.470455580866 -6.58 0.88 2510000 331 438 0 129694
252 463 -0.39090712743 -14.42 0.88 2520000 341 463 0 129293
253 462 -0.433939393939 -7.76 0.88 2530000 330 461 0 128897
254 472 -0.377436440678 -6.63 0.91 2540000 348 472 0 128507
255 435 -0.553264367816 -14.84 0.88 2550000 302 434 0 128122
256 423 -0.620827423168 -35.56 0.88 2560000 299 421 1 127743
257 452 -0.433761061947 -36.91 0.91 2570000 349 451 1 127368
258 449 -0.451959910913 -31.45 0.88 2580000 335 448 1 126999
259 489 -0.366809815951 -21.4 0.91 2590000 351 486 0 126634
260 434 -0.491843317972 -11.89 0.88 2600000 319 433 0 126275
261 385 -0.721012987013 -33.44 0.88 2610000 282 382 2 125920
262 414 -0.578188405797 -27.74 0.88 2620000 308 413 0 125570
263 413 -0.651573849879 -35.6 0.88 2630000 290 410 3 125225
264 432 -0.540509259259 -7.62 0.91 2640000 300 432 0 124884
265 375 -0.8184 -32.93 0.91 2650000 253 374 1 124549
266 413 -0.615060532688 -37.89 0.88 2660000 309 408 3 124217
267 444 -0.422297297297 -25.09 0.88 2670000 342 442 0 123890
268 437 -0.501510297483 -33.12 0.88 2680000 323 436 1 123568
269 367 -0.849046321526 -35.19 0.85 2690000 257 363 2 123250
270 430 -0.544302325581 -34.58 0.88 2700000 323 427 1 122936
271 387 -0.712687338501 -31.46 0.91 2710000 287 385 2 122626
272 446 -0.486838565022 -23.41 0.88 2720000 312 446 0 122321
273 489 -0.290265848671 -16.0 0.88 2730000 371 489 0 122019
274 480 -0.3159375 -5.96 0.88 2740000 361 480 0 121722
275 441 -0.525510204082 -35.52 0.91 2750000 319 438 2 121429
276 521 -0.276583493282 -19.96 0.88 2760000 367 520 0 121140
277 496 -0.28685483871 -35.94 0.88 2770000 378 494 1 120854
278 451 -0.456474501109 -38.2 0.88 2780000 337 450 1 120573
279 508 -0.263326771654 -7.06 0.88 2790000 378 508 0 120295
280 424 -0.518820754717 -31.97 0.91 2800000 323 421 2 120021
281 422 -0.617156398104 -38.12 0.88 2810000 300 420 2 119751
282 490 -0.36506122449 -35.03 0.91 2820000 346 490 1 119484
283 515 -0.265359223301 -15.01 0.91 2830000 379 512 0 119221
284 513 -0.226627680312 -31.97 0.91 2840000 397 512 1 118961
285 503 -0.261332007952 -5.62 0.88 2850000 374 502 0 118706
286 461 -0.405553145336 -33.12 0.91 2860000 346 457 1 118453
287 469 -0.361855010661 -30.25 0.91 2870000 362 468 1 118204
288 440 -0.496909090909 -35.37 0.91 2880000 323 438 1 117958
289 508 -0.279409448819 -11.32 0.91 2890000 369 508 0 117716
290 523 -0.230745697897 -32.51 0.91 2900000 386 522 1 117477
291 448 -0.487700892857 -35.88 0.88 2910000 323 447 1 117241
292 457 -0.413435448578 -14.31 0.88 2920000 339 457 0 117008
293 525 -0.224095238095 -8.78 0.91 2930000 389 525 0 116778
294 502 -0.242848605578 -10.37 0.91 2940000 390 502 0 116552
295 507 -0.229487179487 -9.5 0.88 2950000 390 507 0 116328
296 471 -0.374267515924 -29.8 0.91 2960000 356 469 1 116108
297 493 -0.315010141988 -11.12 0.88 2970000 366 493 0 115890
298 473 -0.394376321353 -33.76 0.88 2980000 338 471 1 115676
299 485 -0.375216494845 -33.41 0.88 2990000 339 484 1 115464
300 459 -0.417167755991 -8.66 0.88 3000000 333 457 0 115256
301 458 -0.418886462882 -37.71 0.88 3010000 344 456 1 115050
302 496 -0.266310483871 -4.99 0.88 3020000 379 496 0 114846
303 446 -0.489641255605 -36.07 0.88 3030000 323 445 1 114646
304 470 -0.439744680851 -35.62 0.91 3040000 336 468 1 114448
305 553 -0.189945750452 -8.65 0.88 3050000 394 551 0 114253
306 549 -0.144499089253 -13.48 0.88 3060000 419 549 0 114061
307 529 -0.209092627599 -5.11 0.91 3070000 394 529 0 113871
308 519 -0.207707129094 -6.81 0.91 3080000 400 518 0 113684
309 489 -0.302719836401 -4.53 0.91 3090000 373 489 0 113499
310 549 -0.146812386157 -5.54 0.88 3100000 417 549 0 113317
311 493 -0.275172413793 -37.79 0.91 3110000 384 492 1 113137
312 558 -0.105573476703 -5.64 0.91 3120000 429 557 0 112960
313 504 -0.252083333333 -9.3 0.88 3130000 380 504 0 112785
314 493 -0.277038539554 -16.41 0.88 3140000 381 493 0 112612
315 517 -0.258549323017 -9.57 0.91 3150000 380 516 0 112442
316 484 -0.308904958678 -9.23 0.88 3160000 364 484 0 112274
317 415 -0.532168674699 -8.16 0.88 3170000 313 414 0 112108
318 462 -0.381774891775 -5.21 0.91 3180000 343 460 0 111945
319 482 -0.327821576763 -3.64 0.91 3190000 360 482 0 111783
320 486 -0.303189300412 -15.7 0.88 3200000 355 485 0 111624
321 476 -0.398655462185 -37.51 0.91 3210000 358 474 2 111467
322 485 -0.328701030928 -12.94 0.91 3220000 360 484 0 111313
323 499 -0.258917835671 -6.23 0.91 3230000 379 498 0 111160
324 461 -0.414750542299 -13.0 0.88 3240000 334 460 0 111009
325 455 -0.472923076923 -38.28 0.88 3250000 327 454 1 110861
326 479 -0.359686847599 -24.9 0.88 3260000 354 480 0 110714
327 519 -0.237418111753 -4.66 0.88 3270000 377 519 0 110569
328 465 -0.417698924731 -5.88 0.88 3280000 339 465 0 110427
329 507 -0.272682445759 -16.88 0.88 3290000 378 505 0 110286
330 508 -0.273681102362 -7.62 0.88 3300000 376 508 0 110147
331 523 -0.200191204589 -15.03 0.88 3310000 396 523 0 110010
332 505 -0.269821782178 -7.96 0.88 3320000 376 503 0 109875
333 485 -0.347958762887 -30.36 0.88 3330000 347 483 1 109742
334 523 -0.250497131931 -30.46 0.88 3340000 384 523 0 109610
335 489 -0.348588957055 -34.17 0.88 3350000 350 488 1 109480
336 487 -0.319240246407 -6.6 0.88 3360000 361 486 0 109352
337 498 -0.29234939759 -8.22 0.88 3370000 366 498 0 109226
338 499 -0.275611222445 -8.56 0.88 3380000 375 498 0 109102
339 476 -0.347478991597 -7.4 0.88 3390000 353 476 0 108979
340 504 -0.298154761905 -12.51 0.88 3400000 365 504 0 108857
341 535 -0.20661682243 -9.09 0.88 3410000 395 535 0 108738
342 503 -0.261172962227 -6.46 0.88 3420000 379 503 0 108620
343 477 -0.395492662474 -34.47 0.91 3430000 342 476 1 108504
344 497 -0.31106639839 -31.11 0.88 3440000 365 494 1 108389
345 521 -0.197389635317 -5.36 0.91 3450000 396 520 0 108276
346 485 -0.309731958763 -11.41 0.88 3460000 364 485 0 108164
347 441 -0.497823129252 -36.2 0.88 3470000 319 440 1 108054
348 464 -0.391163793103 -6.69 0.88 3480000 341 464 0 107945
349 494 -0.300910931174 -31.75 0.88 3490000 363 492 1 107838
350 515 -0.27013592233 -5.36 0.91 3500000 373 515 0 107732
351 472 -0.386822033898 -30.33 0.88 3510000 351 472 0 107627
352 424 -0.520636792453 -12.53 0.88 3520000 317 423 0 107524
353 424 -0.513466981132 -35.21 0.88 3530000 335 423 1 107423
354 420 -0.562619047619 -22.91 0.91 3540000 309 420 0 107323
355 505 -0.263603960396 -10.48 0.88 3550000 386 505 0 107224
356 508 -0.217578740157 -19.65 0.88 3560000 402 508 0 107126
357 543 -0.139631675875 -16.82 0.91 3570000 429 543 0 107030
358 501 -0.292075848303 -33.03 0.88 3580000 377 499 1 106935
359 506 -0.276798418972 -4.96 0.88 3590000 370 506 0 106842
360 537 -0.175549348231 -19.87 0.88 3600000 418 537 0 106749
361 540 -0.179074074074 -6.25 0.91 3610000 402 539 0 106658
362 482 -0.346369294606 -33.38 0.88 3620000 357 481 1 106568
363 532 -0.162067669173 -18.94 0.88 3630000 415 532 0 106479
364 561 -0.12201426025 -5.63 0.88 3640000 421 560 0 106392
365 571 -0.0760945709282 -10.58 0.88 3650000 444 571 0 106306
366 516 -0.24992248062 -5.8 0.88 3660000 380 516 0 106221
367 514 -0.252276264591 -5.45 0.91 3670000 385 514 0 106137
368 530 -0.162641509434 -7.5 0.88 3680000 412 528 0 106054
369 480 -0.339583333333 -33.15 0.88 3690000 362 480 0 105972
370 522 -0.232107279693 -38.33 0.88 3700000 393 520 1 105891
371 532 -0.172593984962 -10.23 0.88 3710000 412 531 0 105812
372 496 -0.262782258065 -32.11 0.88 3720000 384 494 1 105733
373 556 -0.109496402878 -4.52 0.88 3730000 434 556 0 105656
374 555 -0.0920900900901 -4.77 0.88 3740000 441 555 0 105580
375 521 -0.213704414587 -6.42 0.88 3750000 394 521 0 105504
376 514 -0.236089494163 -13.61 0.88 3760000 383 513 0 105430
377 485 -0.333463917526 -36.88 0.88 3770000 358 483 1 105357
378 496 -0.264818548387 -34.49 0.88 3780000 386 495 1 105284
379 531 -0.205461393597 -7.46 0.88 3790000 398 531 0 105213
380 519 -0.248439306358 -6.4 0.88 3800000 376 519 0 105143
381 571 -0.10472854641 -4.8 0.88 3810000 434 571 0 105073
382 511 -0.220861056751 -6.4 0.88 3820000 398 511 0 105005
383 530 -0.204396226415 -10.62 0.91 3830000 397 530 0 104937
384 502 -0.247410358566 -4.68 0.88 3840000 389 502 0 104870
385 485 -0.311134020619 -38.87 0.88 3850000 376 481 1 104805
386 524 -0.194064885496 -27.54 0.88 3860000 398 523 1 104740
387 514 -0.277256809339 -7.55 0.91 3870000 367 513 0 104676
388 499 -0.280781563126 -14.37 0.88 3880000 371 498 0 104613
389 496 -0.277096774194 -6.09 0.88 3890000 372 496 0 104550
390 492 -0.28174796748 -13.12 0.88 3900000 374 492 0 104489
391 476 -0.337163865546 -37.07 0.88 3910000 373 475 1 104428
392 525 -0.147676190476 -8.72 0.91 3920000 425 526 0 104369
393 467 -0.389421841542 -31.89 0.88 3930000 348 465 1 104310
394 517 -0.228839458414 -7.1 0.91 3940000 389 516 0 104251
395 559 -0.0882647584973 -3.71 0.88 3950000 443 559 0 104194
396 526 -0.15855513308 -6.9 0.88 3960000 421 526 0 104137
397 500 -0.2595 -37.73 0.91 3970000 387 499 1 104082
398 498 -0.298554216867 -37.8 0.88 3980000 371 497 1 104026
399 528 -0.186041666667 -6.81 0.88 3990000 406 529 0 103972
400 538 -0.16124535316 -35.01 0.88 4000000 426 537 1 103918
401 564 -0.107287234043 -10.87 0.91 4010000 429 564 0 103866
402 436 -0.508463302752 -37.4 0.88 4020000 331 434 2 103813
403 449 -0.48429844098 -36.39 0.91 4030000 339 448 1 103762
404 488 -0.28618852459 -10.32 0.88 4040000 367 488 0 103711
405 484 -0.33632231405 -34.16 0.88 4050000 356 481 1 103661
406 472 -0.364470338983 -35.23 0.88 4060000 351 469 1 103612
407 514 -0.230894941634 -11.72 0.91 4070000 385 514 0 103563
408 506 -0.281067193676 -9.67 0.88 4080000 362 505 0 103515
409 496 -0.235060483871 -29.7 0.88 4090000 395 494 1 103467
410 503 -0.264632206759 -10.26 0.88 4100000 374 503 0 103420
411 417 -0.560191846523 -33.39 0.88 4110000 318 414 1 103374
412 476 -0.37481092437 -17.94 0.91 4120000 342 474 0 103329
413 485 -0.314144329897 -7.24 0.91 4130000 364 485 0 103284
414 465 -0.389376344086 -14.25 0.88 4140000 344 465 0 103239
415 485 -0.273649484536 -11.25 0.88 4150000 378 485 0 103196
416 473 -0.353509513742 -36.24 0.91 4160000 360 471 1 103153
417 439 -0.422300683371 -31.51 0.91 4170000 343 438 1 103110
418 459 -0.412723311547 -19.72 0.91 4180000 341 458 0 103068
419 513 -0.236276803119 -9.34 0.88 4190000 385 512 0 103027
420 481 -0.358357588358 -4.62 0.88 4200000 343 478 0 102986
421 516 -0.173178294574 -11.99 0.91 4210000 413 516 0 102945
422 513 -0.239610136452 -21.51 0.88 4220000 390 513 0 102906
423 500 -0.29228 -4.9 0.91 4230000 367 500 0 102866
424 501 -0.27381237525 -4.59 0.83 4240000 368 500 0 102828
425 501 -0.230399201597 -5.6 0.88 4250000 394 501 0 102790
426 490 -0.341102040816 -30.65 0.88 4260000 355 489 1 102752
427 476 -0.354411764706 -9.16 0.91 4270000 338 476 0 102715
428 475 -0.377747368421 -36.41 0.88 4280000 360 474 2 102678
429 521 -0.183608445298 -7.04 0.91 4290000 402 521 0 102642
430 537 -0.244562383613 -20.11 0.91 4300000 380 536 0 102606
431 474 -0.358797468354 -31.45 0.88 4310000 345 473 1 102571
432 555 -0.135351351351 -4.92 0.88 4320000 419 554 0 102536
433 557 -0.139551166966 -4.22 0.91 4330000 414 556 0 102502
434 513 -0.297660818713 -37.8 0.88 4340000 375 512 1 102468
435 524 -0.182175572519 -8.69 0.88 4350000 405 524 0 102435
436 536 -0.160317164179 -5.89 0.91 4360000 415 537 0 102402
437 544 -0.173455882353 -7.53 0.88 4370000 412 544 0 102370
438 539 -0.162059369202 -4.11 0.91 4380000 408 539 0 102338
439 544 -0.15875 -12.12 0.88 4390000 411 544 0 102306
440 527 -0.217096774194 -4.78 0.91 4400000 385 527 0 102275
441 531 -0.199020715631 -32.66 0.88 4410000 398 530 0 102244
442 519 -0.22901734104 -31.28 0.88 4420000 399 519 0 102214
443 576 -0.0841840277778 -6.67 0.91 4430000 435 577 0 102184
444 517 -0.2416827853 -34.88 0.88 4440000 394 516 1 102155
445 520 -0.218673076923 -5.12 0.88 4450000 394 518 0 102125
446 555 -0.165783783784 -5.94 0.88 4460000 401 555 0 102097
447 536 -0.18473880597 -29.85 0.88 4470000 395 535 1 102068
448 480 -0.359833333333 -38.23 0.88 4480000 354 478 2 102041
449 507 -0.219881656805 -33.76 0.91 4490000 392 505 1 102013
450 532 -0.17015037594 -37.85 0.91 4500000 415 532 1 101986
451 514 -0.241692607004 -10.76 0.91 4510000 390 514 0 101959
452 569 -0.0906326889279 -4.74 0.88 4520000 435 568 0 101933
453 529 -0.169584120983 -7.05 0.91 4530000 404 529 0 101906
454 518 -0.189362934363 -7.54 0.88 4540000 406 518 0 101881
455 510 -0.235431372549 -5.34 0.91 4550000 392 510 0 101855
456 498 -0.225200803213 -33.39 0.88 4560000 398 496 1 101830
457 490 -0.281204081633 -34.19 0.88 4570000 380 489 1 101806
458 531 -0.149472693032 -4.99 0.88 4580000 423 531 0 101781
459 470 -0.341191489362 -16.91 0.88 4590000 367 469 0 101757
460 541 -0.146839186691 -9.81 0.88 4600000 417 541 0 101733
461 537 -0.0943016759777 -11.76 0.88 4610000 443 536 0 101710
462 538 -0.217379182156 -12.11 0.91 4620000 385 538 0 101687
463 508 -0.21 -5.62 0.88 4630000 399 508 0 101664
464 470 -0.331893617021 -9.44 0.88 4640000 365 470 0 101642
465 514 -0.209416342412 -6.7 0.88 4650000 397 514 0 101619
466 473 -0.379471458774 -37.07 0.88 4660000 352 471 1 101598
467 494 -0.278461538462 -33.61 0.91 4670000 386 491 1 101576
468 494 -0.284271255061 -5.42 0.88 4680000 378 494 0 101555
469 498 -0.270261044177 -9.25 0.91 4690000 375 498 0 101534
470 538 -0.155892193309 -5.91 0.88 4700000 412 538 0 101513
471 500 -0.28118 -26.56 0.88 4710000 372 499 0 101493
472 507 -0.199783037475 -6.5 0.88 4720000 402 506 0 101472
473 522 -0.193084291188 -10.93 0.91 4730000 404 522 0 101453
474 474 -0.30246835443 -13.5 0.91 4740000 370 474 0 101433
475 471 -0.284394904459 -16.34 0.91 4750000 380 470 0 101414
476 484 -0.230785123967 -6.86 0.91 4760000 397 483 0 101394
477 508 -0.214901574803 -7.69 0.91 4770000 399 508 0 101376
478 524 -0.175286259542 -6.86 0.88 4780000 405 523 0 101357
479 409 -0.576723716381 -33.23 0.88 4790000 303 407 1 101339
480 514 -0.258307392996 -37.99 0.91 4800000 391 513 1 101321
481 500 -0.2676 -35.18 0.88 4810000 383 498 1 101303
482 514 -0.238424124514 -29.63 0.88 4820000 381 513 1 101285
483 490 -0.339265306122 -32.34 0.88 4830000 368 489 1 101268
484 518 -0.230328185328 -30.27 0.88 4840000 388 516 1 101251
485 525 -0.184952380952 -7.27 0.88 4850000 402 524 0 101234
486 502 -0.256434262948 -17.86 0.88 4860000 378 502 0 101217
487 517 -0.266769825919 -14.53 0.91 4870000 369 517 0 101201
488 520 -0.223673076923 -5.13 0.88 4880000 384 520 0 101185
489 509 -0.261355599214 -35.66 0.91 4890000 383 507 1 101169
490 513 -0.20432748538 -4.75 0.88 4900000 397 512 0 101153
491 517 -0.20332688588 -9.33 0.88 4910000 397 516 0 101137
492 517 -0.245299806576 -6.82 0.88 4920000 374 516 0 101122
493 499 -0.284468937876 -25.97 0.88 4930000 365 498 1 101107
494 522 -0.180689655172 -37.95 0.91 4940000 416 520 1 101092
495 495 -0.292868686869 -34.57 0.91 4950000 380 493 2 101077
496 563 -0.105701598579 -6.3 0.88 4960000 426 563 0 101062
497 474 -0.353713080169 -36.01 0.88 4970000 366 471 1 101048
498 469 -0.359829424307 -34.87 0.91 4980000 356 469 0 101034
499 546 -0.10358974359 -4.42 0.88 4990000 438 545 0 101020
500 493 -0.25569979716 -37.84 0.88 5000000 389 491 1 101006
501 518 -0.197451737452 -6.83 0.88 5010000 403 518 0 100993
502 516 -0.181802325581 -6.12 0.88 5020000 398 516 0 100979
503 497 -0.346901408451 -36.51 0.91 5030000 378 494 3 100966
504 484 -0.330681818182 -24.04 0.88 5040000 363 484 0 100953
505 532 -0.180319548872 -8.41 0.91 5050000 406 532 0 100940
506 510 -0.260392156863 -5.92 0.88 5060000 379 509 0 100927
507 517 -0.245744680851 -25.0 0.88 5070000 387 516 0 100915
508 505 -0.254712871287 -37.05 0.91 5080000 394 504 1 100902
509 552 -0.137663043478 -31.62 0.91 5090000 424 550 1 100890
510 561 -0.0733689839572 -4.52 0.91 5100000 447 561 0 100878
511 517 -0.195241779497 -9.01 0.88 5110000 409 517 0 100866
512 535 -0.161775700935 -35.64 0.91 5120000 425 534 1 100855
513 551 -0.125172413793 -5.91 0.91 5130000 431 549 0 100843
514 488 -0.313606557377 -34.7 0.88 5140000 373 486 2 100832
515 595 -0.0234789915966 -5.85 0.88 5150000 468 595 0 100821
516 573 -0.108551483421 -37.4 0.88 5160000 440 572 1 100809
517 564 -0.11725177305 -5.65 0.91 5170000 420 564 0 100799
518 569 -0.0836203866432 -3.79 0.91 5180000 443 568 0 100788
519 544 -0.164485294118 -5.77 0.88 5190000 404 544 0 100777
520 564 -0.100567375887 -6.39 0.88 5200000 427 564 0 100767
521 490 -0.262653061224 -8.17 0.88 5210000 388 490 0 100756
522 445 -0.410471910112 -37.68 0.91 5220000 359 443 2 100746
523 517 -0.174796905222 -6.03 0.91 5230000 413 517 0 100736
524 547 -0.130164533821 -4.59 0.91 5240000 419 547 0 100726
525 507 -0.247455621302 -37.71 0.88 5250000 394 505 1 100716
526 507 -0.249980276134 -34.45 0.88 5260000 385 505 1 100707
527 562 -0.128274021352 -3.59 0.88 5270000 414 562 0 100697
528 537 -0.163724394786 -11.73 0.91 5280000 400 537 0 100688
529 489 -0.302883435583 -27.7 0.88 5290000 375 487 0 100678
530 553 -0.114032549729 -4.73 0.88 5300000 432 553 0 100669
531 556 -0.122248201439 -4.72 0.91 5310000 426 555 0 100660
532 561 -0.114830659537 -6.63 0.88 5320000 424 561 0 100651
533 530 -0.17741509434 -31.43 0.91 5330000 409 529 1 100642
534 481 -0.330207900208 -33.85 0.88 5340000 365 480 1 100634
535 530 -0.177150943396 -10.07 0.88 5350000 408 530 0 100625
536 534 -0.180374531835 -4.97 0.88 5360000 401 534 0 100617
537 458 -0.383231441048 -13.49 0.88 5370000 344 458 0 100608
538 471 -0.388110403397 -38.25 0.88 5380000 358 469 2 100600
539 521 -0.22 -37.95 0.91 5390000 400 520 1 100592
540 534 -0.182771535581 -31.89 0.91 5400000 413 534 0 100584
541 547 -0.115850091408 -4.3 0.91 5410000 431 547 0 100576
542 520 -0.154673076923 -6.84 0.88 5420000 419 520 0 100568
543 506 -0.246086956522 -34.09 0.88 5430000 393 505 1 100561
544 518 -0.146042471042 -5.73 0.88 5440000 414 518 0 100553
545 556 -0.114730215827 -20.84 0.91 5450000 438 556 0 100546
546 521 -0.229846449136 -36.6 0.91 5460000 401 520 1 100538
547 535 -0.180429906542 -20.64 0.91 5470000 408 535 0 100531
548 518 -0.187104247104 -7.41 0.88 5480000 405 517 0 100524
549 513 -0.227602339181 -32.6 0.88 5490000 397 512 1 100517
550 561 -0.0770409982175 -4.42 0.91 5500000 445 561 0 100510
551 493 -0.220750507099 -13.18 0.91 5510000 402 493 0 100503
552 467 -0.388886509636 -37.73 0.91 5520000 360 465 2 100496
553 533 -0.159193245779 -7.61 0.88 5530000 414 532 0 100489
554 512 -0.17646484375 -13.34 0.91 5540000 410 512 0 100483
555 551 -0.111451905626 -7.49 0.88 5550000 428 551 0 100476
556 509 -0.200176817289 -33.21 0.91 5560000 408 508 1 100470
557 499 -0.229919839679 -8.18 0.88 5570000 399 499 0 100463
558 508 -0.229468503937 -12.74 0.88 5580000 394 508 0 100457
559 500 -0.22712 -7.79 0.88 5590000 389 500 0 100451
560 537 -0.171061452514 -32.66 0.91 5600000 417 535 1 100445
561 533 -0.117617260788 -5.6 0.88 5610000 432 533 0 100439
562 517 -0.19752417795 -14.93 0.91 5620000 405 517 0 100433
563 525 -0.131314285714 -6.23 0.88 5630000 427 525 0 100427
564 533 -0.198367729831 -35.7 0.88 5640000 406 532 1 100421
565 529 -0.156975425331 -7.58 0.91 5650000 420 528 0 100416
566 518 -0.179073359073 -4.67 0.91 5660000 411 518 0 100410
567 518 -0.192953667954 -7.08 0.88 5670000 402 518 0 100404
568 520 -0.192538461538 -11.23 0.91 5680000 403 519 0 100399
569 563 -0.0692539964476 -4.67 0.91 5690000 456 563 0 100394
570 535 -0.139158878505 -5.12 0.88 5700000 424 535 0 100388
571 551 -0.127931034483 -4.81 0.88 5710000 427 551 0 100383
572 542 -0.135239852399 -4.32 0.88 5720000 428 542 0 100378
573 575 -0.0998608695652 -5.83 0.91 5730000 436 574 0 100373
574 537 -0.12104283054 -6.28 0.88 5740000 429 537 0 100368
575 543 -0.131123388582 -5.23 0.91 5750000 426 541 0 100363
576 475 -0.338378947368 -16.81 0.88 5760000 361 474 0 100358
577 526 -0.219201520913 -14.46 0.88 5770000 385 526 0 100353
578 494 -0.266012145749 -9.79 0.88 5780000 380 494 0 100348
579 536 -0.123824626866 -6.07 0.88 5790000 431 535 0 100344
580 478 -0.328472803347 -7.94 0.91 5800000 366 478 0 100339
581 568 -0.104190140845 -8.46 0.88 5810000 435 566 0 100334
582 532 -0.195394736842 -25.33 0.91 5820000 404 532 0 100330
583 552 -0.143460144928 -7.64 0.91 5830000 416 552 0 100325
584 539 -0.15120593692 -27.29 0.88 5840000 421 537 1 100321
585 555 -0.101117117117 -11.86 0.88 5850000 438 555 0 100317
586 516 -0.223682170543 -17.18 0.88 5860000 389 516 0 100312
587 589 -0.0709847198642 -8.06 0.91 5870000 444 589 0 100308
588 574 -0.0252613240418 -6.38 0.88 5880000 473 574 0 100304
589 573 -0.0730017452007 -4.85 0.91 5890000 451 572 0 100300
590 589 -0.0730220713073 -5.0 0.88 5900000 435 588 0 100296
591 541 -0.156931608133 -4.55 0.88 5910000 413 541 0 100292
592 568 -0.113433098592 -7.96 0.88 5920000 426 567 0 100288
593 521 -0.216429942418 -26.02 0.91 5930000 395 523 0 100284
594 574 -0.0752613240418 -9.2 0.91 5940000 443 574 0 100280
595 544 -0.158915441176 -8.63 0.91 5950000 410 544 0 100276
596 505 -0.233920792079 -35.76 0.91 5960000 395 504 1 100273
597 510 -0.244784313725 -34.22 0.91 5970000 393 509 1 100269
598 548 -0.098302919708 -4.62 0.88 5980000 441 547 0 100265
599 546 -0.184835164835 -5.32 0.91 5990000 393 546 0 100262
600 536 -0.183544776119 -38.46 0.91 6000000 412 535 1 100258
601 576 -0.120798611111 -6.77 0.88 6010000 420 574 0 100255
602 516 -0.232170542636 -33.51 0.88 6020000 392 514 1 100251
603 517 -0.216112185687 -33.34 0.88 6030000 401 516 1 100248
604 471 -0.403078556263 -36.54 0.88 6040000 362 467 2 100244
605 538 -0.14782527881 -14.42 0.91 6050000 426 537 0 100241
606 513 -0.22269005848 -35.91 0.88 6060000 399 511 1 100238
607 464 -0.350043103448 -10.25 0.88 6070000 358 464 0 100235
608 544 -0.1271875 -5.93 0.88 6080000 425 544 0 100231
609 555 -0.12163963964 -5.5 0.91 6090000 423 554 0 100228
610 549 -0.129963570128 -6.01 0.88 6100000 420 549 0 100225
611 538 -0.164609665428 -8.96 0.91 6110000 411 537 0 100222
612 480 -0.3420625 -36.78 0.91 6120000 365 480 1 100219
613 496 -0.258407258065 -21.28 0.91 6130000 392 496 0 100216
614 430 -0.47176744186 -34.41 0.88 6140000 338 427 3 100213
615 543 -0.185690607735 -32.33 0.91 6150000 415 542 1 100210
616 531 -0.239378531073 -38.81 0.91 6160000 398 530 1 100208
617 565 -0.0719469026549 -11.69 0.88 6170000 444 565 0 100205
618 564 -0.153510638298 -35.08 0.91 6180000 420 563 1 100202
619 532 -0.161748120301 -5.55 0.88 6190000 414 532 0 100199
620 545 -0.158275229358 -36.4 0.91 6200000 421 544 1 100197
621 530 -0.179264150943 -38.64 0.88 6210000 416 529 1 100194
622 519 -0.226107899807 -13.7 0.91 6220000 399 519 0 100191
623 509 -0.265422396857 -31.79 0.91 6230000 390 507 1 100189
624 591 -0.0344500846024 -4.26 0.88 6240000 462 591 0 100186
625 551 -0.117023593466 -5.06 0.88 6250000 433 551 0 100184
626 550 -0.112218181818 -17.5 0.88 6260000 439 550 0 100181
627 535 -0.165738317757 -9.06 0.91 6270000 414 534 0 100179
628 540 -0.17512962963 -37.09 0.91 6280000 419 539 1 100176
629 554 -0.113718411552 -4.45 0.88 6290000 434 553 0 100174
630 553 -0.128318264014 -31.35 0.88 6300000 426 552 1 100172
631 540 -0.137388888889 -5.15 0.91 6310000 428 540 0 100169
632 489 -0.306155419223 -31.49 0.91 6320000 366 488 1 100167
633 526 -0.204011406844 -32.59 0.88 6330000 404 525 1 100165
634 549 -0.125464480874 -4.53 0.91 6340000 432 549 0 100162
635 512 -0.20712890625 -34.55 0.91 6350000 410 511 1 100160
636 562 -0.086334519573 -4.37 0.88 6360000 443 562 0 100158
637 538 -0.13312267658 -18.68 0.91 6370000 434 538 0 100156
638 538 -0.1456133829 -5.35 0.88 6380000 418 538 0 100154
639 507 -0.275641025641 -36.03 0.91 6390000 383 506 1 100152
640 555 -0.138918918919 -5.9 0.91 6400000 419 555 0 100150
641 568 -0.0677992957746 -5.03 0.91 6410000 451 568 0 100148
642 588 -0.0294217687075 -2.69 0.88 6420000 471 588 0 100146
643 521 -0.134165067179 -5.08 0.91 6430000 429 521 0 100144
644 558 -0.0933691756272 -6.55 0.88 6440000 441 556 0 100142
645 509 -0.225206286837 -8.18 0.88 6450000 393 509 0 100140
646 470 -0.415787234043 -37.02 0.88 6460000 344 468 2 100138
647 526 -0.191482889734 -28.26 0.91 6470000 401 524 1 100136
648 476 -0.292521008403 -5.71 0.88 6480000 374 476 0 100134
649 521 -0.129424184261 -5.27 0.88 6490000 430 521 0 100132
650 547 -0.136837294333 -8.43 0.88 6500000 421 547 0 100131
651 518 -0.160115830116 -4.61 0.88 6510000 419 518 0 100129
652 497 -0.242796780684 -8.07 0.88 6520000 389 497 0 100127
653 502 -0.266314741036 -4.61 0.91 6530000 376 502 0 100125
654 434 -0.498341013825 -28.29 0.91 6540000 320 433 1 100124
655 494 -0.256801619433 -4.24 0.91 6550000 389 494 0 100122
656 511 -0.207240704501 -14.49 0.88 6560000 400 511 0 100120
657 569 -0.0818453427065 -5.24 0.91 6570000 443 569 0 100119
658 601 0.00700499168053 -5.61 0.91 6580000 485 601 0 100117
659 466 -0.391008583691 -37.62 0.91 6590000 363 464 2 100115
660 484 -0.29423553719 -7.77 0.91 6600000 375 484 0 100114
661 515 -0.197980582524 -36.88 0.91 6610000 420 513 1 100112
662 535 -0.130317757009 -6.46 0.88 6620000 425 535 0 100111
663 552 -0.111413043478 -5.51 0.91 6630000 434 551 0 100109
664 540 -0.175259259259 -34.25 0.91 6640000 410 538 1 100108
665 579 -0.0574784110535 -6.26 0.88 6650000 450 579 0 100106
666 545 -0.135926605505 -6.93 0.91 6660000 420 545 0 100105
667 527 -0.187077798861 -14.29 0.88 6670000 407 525 0 100104
668 573 -0.103054101222 -7.65 0.88 6680000 426 572 0 100102
669 477 -0.339454926625 -11.37 0.88 6690000 359 476 0 100101
670 436 -0.465963302752 -30.85 0.91 6700000 335 434 2 100099
671 466 -0.287103004292 -7.45 0.88 6710000 379 466 0 100098
672 518 -0.201003861004 -19.75 0.88 6720000 405 518 0 100097
673 569 -0.0966959578207 -12.52 0.88 6730000 432 569 0 100095
674 535 -0.160785046729 -15.09 0.88 6740000 416 535 0 100094
675 476 -0.38262605042 -35.41 0.88 6750000 348 473 3 100093
676 503 -0.243996023857 -20.3 0.91 6760000 401 502 0 100092
677 436 -0.517660550459 -38.55 0.91 6770000 335 433 3 100090
678 455 -0.404 -25.03 0.91 6780000 349 454 0 100089
679 549 -0.14752276867 -11.02 0.91 6790000 419 548 0 100088
680 574 -0.0884146341463 -5.78 0.91 6800000 444 574 0 100087
681 520 -0.236211538462 -12.85 0.91 6810000 387 520 0 100086
682 518 -0.226814671815 -38.44 0.88 6820000 409 517 1 100084
683 492 -0.293130081301 -38.01 0.91 6830000 386 491 1 100083
684 552 -0.150833333333 -5.91 0.88 6840000 412 552 0 100082
685 561 -0.089696969697 -4.77 0.91 6850000 441 561 0 100081
686 475 -0.410989473684 -38.91 0.88 6860000 369 471 4 100080
687 534 -0.170374531835 -19.57 0.91 6870000 412 534 0 100079
688 564 -0.102322695035 -5.54 0.91 6880000 431 564 0 100078
689 538 -0.160185873606 -38.1 0.91 6890000 420 537 1 100077
690 522 -0.192528735632 -5.51 0.91 6900000 403 522 0 100076
691 542 -0.123210332103 -6.32 0.91 6910000 427 542 0 100075
692 533 -0.129493433396 -4.27 0.91 6920000 431 533 0 100074
693 507 -0.203116370809 -5.89 0.91 6930000 408 507 0 100073
694 507 -0.209625246548 -18.33 0.91 6940000 412 507 0 100072
695 532 -0.132030075188 -5.59 0.88 6950000 432 532 0 100071
696 502 -0.207569721116 -18.58 0.91 6960000 413 502 0 100070
697 548 -0.0854744525547 -7.2 0.91 6970000 450 548 0 100069
698 575 -0.0770434782609 -8.8 0.91 6980000 448 575 0 100068
699 537 -0.170782122905 -22.98 0.91 6990000 421 536 0 100067
